-1.500000	12.320867
-1.490000	12.137286
-1.480000	11.957655
-1.470000	11.781877
-1.460000	11.609862
-1.450000	11.441519
-1.440000	11.276761
-1.430000	11.115503
-1.420000	10.957663
-1.410000	10.803160
-1.400000	10.651916
-1.390000	10.503854
-1.380000	10.358901
-1.370000	10.216984
-1.360000	10.078033
-1.350000	9.941980
-1.340000	9.808757
-1.330000	9.678301
-1.320000	9.550547
-1.310000	9.425435
-1.300000	9.302904
-1.290000	9.182897
-1.280000	9.065356
-1.270000	8.950226
-1.260000	8.837453
-1.250000	8.726985
-1.240000	8.618770
-1.230000	8.512759
-1.220000	8.408903
-1.210000	8.307156
-1.200000	8.207470
-1.190000	8.109801
-1.180000	8.014105
-1.170000	7.920340
-1.160000	7.828464
-1.150000	7.738437
-1.140000	7.650219
-1.130000	7.563771
-1.120000	7.479057
-1.110000	7.396040
-1.100000	7.314683
-1.090000	7.234953
-1.080000	7.156816
-1.070000	7.080238
-1.060000	7.005187
-1.050000	6.931633
-1.040000	6.859544
-1.030000	6.788890
-1.020000	6.719644
-1.010000	6.651775
-1.000000	6.585258
-0.990000	6.520064
-0.980000	6.456167
-0.970000	6.393542
-0.960000	6.332164
-0.950000	6.272009
-0.940000	6.213052
-0.930000	6.155270
-0.920000	6.098642
-0.910000	6.043144
-0.900000	5.988756
-0.890000	5.935456
-0.880000	5.883224
-0.870000	5.832040
-0.860000	5.781884
-0.850000	5.732738
-0.840000	5.684583
-0.830000	5.637401
-0.820000	5.591175
-0.810000	5.545886
-0.800000	5.501519
-0.790000	5.458057
-0.780000	5.415484
-0.770000	5.373785
-0.760000	5.332944
-0.750000	5.292947
-0.740000	5.253779
-0.730000	5.215427
-0.720000	5.177876
-0.710000	5.141113
-0.700000	5.105125
-0.690000	5.069899
-0.680000	5.035424
-0.670000	5.001687
-0.660000	4.968676
-0.650000	4.936379
-0.640000	4.904786
-0.630000	4.873886
-0.620000	4.843668
-0.610000	4.814122
-0.600000	4.785237
-0.590000	4.757004
-0.580000	4.729414
-0.570000	4.702456
-0.560000	4.676122
-0.550000	4.650404
-0.540000	4.625291
-0.530000	4.600777
-0.520000	4.576853
-0.510000	4.553511
-0.500000	4.530744
-0.490000	4.508543
-0.480000	4.486902
-0.470000	4.465814
-0.460000	4.445271
-0.450000	4.425267
-0.440000	4.405796
-0.430000	4.386851
-0.420000	4.368426
-0.410000	4.350516
-0.400000	4.333114
-0.390000	4.316215
-0.380000	4.299813
-0.370000	4.283904
-0.360000	4.268482
-0.350000	4.253542
-0.340000	4.239080
-0.330000	4.225091
-0.320000	4.211571
-0.310000	4.198515
-0.300000	4.185919
-0.290000	4.173780
-0.280000	4.162093
-0.270000	4.150856
-0.260000	4.140064
-0.250000	4.129713
-0.240000	4.119802
-0.230000	4.110327
-0.220000	4.101284
-0.210000	4.092671
-0.200000	4.084486
-0.190000	4.076725
-0.180000	4.069387
-0.170000	4.062469
-0.160000	4.055969
-0.150000	4.049885
-0.140000	4.044215
-0.130000	4.038958
-0.120000	4.034111
-0.110000	4.029674
-0.100000	4.025644
-0.090000	4.022021
-0.080000	4.018803
-0.070000	4.015990
-0.060000	4.013581
-0.050000	4.011574
-0.040000	4.009969
-0.030000	4.008766
-0.020000	4.007964
-0.010000	4.007564
0.000000	4.007564
0.010000	4.007964
0.020000	4.008766
0.030000	4.009969
0.040000	4.011573
0.050000	4.013578
0.060000	4.015987
0.070000	4.018798
0.080000	4.022013
0.090000	4.025633
0.100000	4.029658
0.110000	4.034091
0.120000	4.038932
0.130000	4.044182
0.140000	4.049844
0.150000	4.055919
0.160000	4.062408
0.170000	4.069315
0.180000	4.076639
0.190000	4.084385
0.200000	4.092554
0.210000	4.101148
0.220000	4.110171
0.230000	4.119624
0.240000	4.129511
0.250000	4.139835
0.260000	4.150598
0.270000	4.161805
0.280000	4.173458
0.290000	4.185561
0.300000	4.198118
0.310000	4.211132
0.320000	4.224608
0.330000	4.238549
0.340000	4.252960
0.350000	4.267845
0.360000	4.283209
0.370000	4.299057
0.380000	4.315394
0.390000	4.332224
0.400000	4.349553
0.410000	4.367386
0.420000	4.385729
0.430000	4.404587
0.440000	4.423968
0.450000	4.443876
0.460000	4.464317
0.470000	4.485300
0.480000	4.506829
0.490000	4.528913
0.500000	4.551557
0.510000	4.574770
0.520000	4.598559
0.530000	4.622931
0.540000	4.647895
0.550000	4.673458
0.560000	4.699630
0.570000	4.726418
0.580000	4.753831
0.590000	4.781879
0.600000	4.810570
0.610000	4.839914
0.620000	4.869922
0.630000	4.900602
0.640000	4.931966
0.650000	4.964024
0.660000	4.996786
0.670000	5.030265
0.680000	5.064471
0.690000	5.099416
0.700000	5.135111
0.710000	5.171571
0.720000	5.208806
0.730000	5.246830
0.740000	5.285657
0.750000	5.325299
0.760000	5.365772
0.770000	5.407088
0.780000	5.449263
0.790000	5.492313
0.800000	5.536251
0.810000	5.581095
0.820000	5.626860
0.830000	5.673563
0.840000	5.721221
0.850000	5.769851
0.860000	5.819472
0.870000	5.870101
0.880000	5.921758
0.890000	5.974462
0.900000	6.028232
0.910000	6.083089
0.920000	6.139053
0.930000	6.196146
0.940000	6.254390
0.950000	6.313807
0.960000	6.374419
0.970000	6.436251
0.980000	6.499326
0.990000	6.563670
1.000000	6.629306
1.010000	6.696262
1.020000	6.764564
1.030000	6.834239
1.040000	6.905315
1.050000	6.977821
1.060000	7.051786
1.070000	7.127240
1.080000	7.204214
1.090000	7.282740
1.100000	7.362850
1.110000	7.444578
1.120000	7.527957
1.130000	7.613023
1.140000	7.699812
1.150000	7.788360
1.160000	7.878705
1.170000	7.970885
1.180000	8.064942
1.190000	8.160915
1.200000	8.258846
1.210000	8.358778
1.220000	8.460755
1.230000	8.564822
1.240000	8.671026
1.250000	8.779414
1.260000	8.890034
1.270000	9.002938
1.280000	9.118175
1.290000	9.235800
1.300000	9.355865
1.310000	9.478427
1.320000	9.603542
1.330000	9.731269
1.340000	9.861668
1.350000	9.994801
1.360000	10.130730
1.370000	10.269521
1.380000	10.411241
1.390000	10.555957
1.400000	10.703740
1.410000	10.854663
1.420000	11.008799
1.430000	11.166225
1.440000	11.327019
1.450000	11.491260
1.460000	11.659033
1.470000	11.830421
1.480000	12.005511
1.490000	12.184393
1.500000	12.367159
