-1.500000	0.000000
-1.490000	0.000754
-1.480000	0.001468
-1.470000	0.002143
-1.460000	0.002781
-1.450000	0.003383
-1.440000	0.003951
-1.430000	0.004487
-1.420000	0.004990
-1.410000	0.005464
-1.400000	0.005909
-1.390000	0.006326
-1.380000	0.006717
-1.370000	0.007082
-1.360000	0.007423
-1.350000	0.007740
-1.340000	0.008035
-1.330000	0.008308
-1.320000	0.008560
-1.310000	0.008793
-1.300000	0.009007
-1.290000	0.009203
-1.280000	0.009381
-1.270000	0.009543
-1.260000	0.009688
-1.250000	0.009819
-1.240000	0.009934
-1.230000	0.010036
-1.220000	0.010124
-1.210000	0.010200
-1.200000	0.010263
-1.190000	0.010314
-1.180000	0.010355
-1.170000	0.010384
-1.160000	0.010403
-1.150000	0.010412
-1.140000	0.010412
-1.130000	0.010403
-1.120000	0.010385
-1.110000	0.010359
-1.100000	0.010326
-1.090000	0.010284
-1.080000	0.010236
-1.070000	0.010181
-1.060000	0.010119
-1.050000	0.010051
-1.040000	0.009977
-1.030000	0.009898
-1.020000	0.009813
-1.010000	0.009723
-1.000000	0.009628
-0.990000	0.009528
-0.980000	0.009424
-0.970000	0.009315
-0.960000	0.009203
-0.950000	0.009087
-0.940000	0.008967
-0.930000	0.008843
-0.920000	0.008717
-0.910000	0.008587
-0.900000	0.008454
-0.890000	0.008319
-0.880000	0.008180
-0.870000	0.008039
-0.860000	0.007896
-0.850000	0.007751
-0.840000	0.007603
-0.830000	0.007453
-0.820000	0.007301
-0.810000	0.007147
-0.800000	0.006992
-0.790000	0.006835
-0.780000	0.006676
-0.770000	0.006516
-0.760000	0.006355
-0.750000	0.006192
-0.740000	0.006028
-0.730000	0.005863
-0.720000	0.005696
-0.710000	0.005529
-0.700000	0.005360
-0.690000	0.005191
-0.680000	0.005021
-0.670000	0.004850
-0.660000	0.004678
-0.650000	0.004505
-0.640000	0.004332
-0.630000	0.004158
-0.620000	0.003983
-0.610000	0.003808
-0.600000	0.003632
-0.590000	0.003456
-0.580000	0.003279
-0.570000	0.003102
-0.560000	0.002924
-0.550000	0.002746
-0.540000	0.002568
-0.530000	0.002389
-0.520000	0.002210
-0.510000	0.002030
-0.500000	0.001850
-0.490000	0.001670
-0.480000	0.001489
-0.470000	0.001308
-0.460000	0.001127
-0.450000	0.000946
-0.440000	0.000764
-0.430000	0.000582
-0.420000	0.000400
-0.410000	0.000217
-0.400000	0.000035
-0.390000	0.000148
-0.380000	0.000332
-0.370000	0.000515
-0.360000	0.000699
-0.350000	0.000883
-0.340000	0.001068
-0.330000	0.001252
-0.320000	0.001437
-0.310000	0.001622
-0.300000	0.001808
-0.290000	0.001994
-0.280000	0.002180
-0.270000	0.002366
-0.260000	0.002553
-0.250000	0.002740
-0.240000	0.002927
-0.230000	0.003115
-0.220000	0.003303
-0.210000	0.003492
-0.200000	0.003680
-0.190000	0.003870
-0.180000	0.004059
-0.170000	0.004250
-0.160000	0.004440
-0.150000	0.004631
-0.140000	0.004823
-0.130000	0.005015
-0.120000	0.005207
-0.110000	0.005400
-0.100000	0.005594
-0.090000	0.005788
-0.080000	0.005983
-0.070000	0.006178
-0.060000	0.006374
-0.050000	0.006571
-0.040000	0.006768
-0.030000	0.006966
-0.020000	0.007164
-0.010000	0.007364
0.000000	0.007564
0.010000	0.007764
0.020000	0.007966
0.030000	0.008168
0.040000	0.008371
0.050000	0.008575
0.060000	0.008780
0.070000	0.008986
0.080000	0.009192
0.090000	0.009400
0.100000	0.009608
0.110000	0.009817
0.120000	0.010028
0.130000	0.010239
0.140000	0.010451
0.150000	0.010665
0.160000	0.010879
0.170000	0.011095
0.180000	0.011312
0.190000	0.011529
0.200000	0.011748
0.210000	0.011968
0.220000	0.012190
0.230000	0.012412
0.240000	0.012636
0.250000	0.012861
0.260000	0.013088
0.270000	0.013315
0.280000	0.013544
0.290000	0.013775
0.300000	0.014006
0.310000	0.014239
0.320000	0.014474
0.330000	0.014710
0.340000	0.014948
0.350000	0.015187
0.360000	0.015427
0.370000	0.015669
0.380000	0.015913
0.390000	0.016158
0.400000	0.016404
0.410000	0.016653
0.420000	0.016903
0.430000	0.017154
0.440000	0.017408
0.450000	0.017663
0.460000	0.017919
0.470000	0.018178
0.480000	0.018438
0.490000	0.018700
0.500000	0.018963
0.510000	0.019229
0.520000	0.019496
0.530000	0.019765
0.540000	0.020036
0.550000	0.020309
0.560000	0.020583
0.570000	0.020860
0.580000	0.021138
0.590000	0.021418
0.600000	0.021700
0.610000	0.021984
0.620000	0.022270
0.630000	0.022558
0.640000	0.022848
0.650000	0.023139
0.660000	0.023433
0.670000	0.023728
0.680000	0.024026
0.690000	0.024325
0.700000	0.024626
0.710000	0.024929
0.720000	0.025234
0.730000	0.025541
0.740000	0.025850
0.750000	0.026160
0.760000	0.026473
0.770000	0.026787
0.780000	0.027103
0.790000	0.027421
0.800000	0.027740
0.810000	0.028061
0.820000	0.028384
0.830000	0.028708
0.840000	0.029034
0.850000	0.029362
0.860000	0.029691
0.870000	0.030022
0.880000	0.030354
0.890000	0.030687
0.900000	0.031022
0.910000	0.031358
0.920000	0.031694
0.930000	0.032033
0.940000	0.032372
0.950000	0.032711
0.960000	0.033052
0.970000	0.033394
0.980000	0.033736
0.990000	0.034078
1.000000	0.034421
1.010000	0.034765
1.020000	0.035108
1.030000	0.035451
1.040000	0.035794
1.050000	0.036137
1.060000	0.036480
1.070000	0.036822
1.080000	0.037163
1.090000	0.037503
1.100000	0.037842
1.110000	0.038179
1.120000	0.038515
1.130000	0.038849
1.140000	0.039181
1.150000	0.039510
1.160000	0.039837
1.170000	0.040161
1.180000	0.040482
1.190000	0.040799
1.200000	0.041113
1.210000	0.041422
1.220000	0.041727
1.230000	0.042027
1.240000	0.042321
1.250000	0.042610
1.260000	0.042893
1.270000	0.043169
1.280000	0.043439
1.290000	0.043700
1.300000	0.043954
1.310000	0.044199
1.320000	0.044435
1.330000	0.044661
1.340000	0.044877
1.350000	0.045081
1.360000	0.045274
1.370000	0.045455
1.380000	0.045623
1.390000	0.045776
1.400000	0.045915
1.410000	0.046039
1.420000	0.046146
1.430000	0.046235
1.440000	0.046307
1.450000	0.046359
1.460000	0.046390
1.470000	0.046401
1.480000	0.046388
1.490000	0.046352
1.500000	0.000000
