-4.000000	0.000000
-3.990000	0.697785
-3.980000	1.340181
-3.970000	1.930682
-3.960000	2.472576
-3.950000	2.968959
-3.940000	3.422742
-3.930000	3.836666
-3.920000	4.213307
-3.910000	4.555090
-3.900000	4.864297
-3.890000	5.143072
-3.880000	5.393432
-3.870000	5.617273
-3.860000	5.816379
-3.850000	5.992424
-3.840000	6.146985
-3.830000	6.281541
-3.820000	6.397483
-3.810000	6.496116
-3.800000	6.578667
-3.790000	6.646288
-3.780000	6.700060
-3.770000	6.740999
-3.760000	6.770056
-3.750000	6.788125
-3.740000	6.796044
-3.730000	6.794599
-3.720000	6.784527
-3.710000	6.766517
-3.700000	6.741217
-3.690000	6.709232
-3.680000	6.671130
-3.670000	6.627441
-3.660000	6.578661
-3.650000	6.525256
-3.640000	6.467659
-3.630000	6.406277
-3.620000	6.341487
-3.610000	6.273644
-3.600000	6.203077
-3.590000	6.130095
-3.580000	6.054984
-3.570000	5.978011
-3.560000	5.899426
-3.550000	5.819458
-3.540000	5.738324
-3.530000	5.656222
-3.520000	5.573339
-3.510000	5.489845
-3.500000	5.405900
-3.490000	5.321651
-3.480000	5.237233
-3.470000	5.152773
-3.460000	5.068387
-3.450000	4.984179
-3.440000	4.900250
-3.430000	4.816687
-3.420000	4.733574
-3.410000	4.650985
-3.400000	4.568990
-3.390000	4.487650
-3.380000	4.407022
-3.370000	4.327157
-3.360000	4.248101
-3.350000	4.169896
-3.340000	4.092578
-3.330000	4.016180
-3.320000	3.940731
-3.310000	3.866257
-3.300000	3.792780
-3.290000	3.720318
-3.280000	3.648888
-3.270000	3.578503
-3.260000	3.509174
-3.250000	3.440910
-3.240000	3.373718
-3.230000	3.307601
-3.220000	3.242563
-3.210000	3.178605
-3.200000	3.115726
-3.190000	3.053925
-3.180000	2.993197
-3.170000	2.933539
-3.160000	2.874946
-3.150000	2.817410
-3.140000	2.760924
-3.130000	2.705480
-3.120000	2.651069
-3.110000	2.597681
-3.100000	2.545306
-3.090000	2.493932
-3.080000	2.443549
-3.070000	2.394144
-3.060000	2.345706
-3.050000	2.298221
-3.040000	2.251677
-3.030000	2.206060
-3.020000	2.161358
-3.010000	2.117557
-3.000000	2.074642
-2.990000	2.032601
-2.980000	1.991419
-2.970000	1.951082
-2.960000	1.911576
-2.950000	1.872888
-2.940000	1.835003
-2.930000	1.797907
-2.920000	1.761586
-2.910000	1.726026
-2.900000	1.691214
-2.890000	1.657136
-2.880000	1.623777
-2.870000	1.591125
-2.860000	1.559166
-2.850000	1.527887
-2.840000	1.497274
-2.830000	1.467315
-2.820000	1.437996
-2.810000	1.409305
-2.800000	1.381230
-2.790000	1.353757
-2.780000	1.326875
-2.770000	1.300572
-2.760000	1.274835
-2.750000	1.249654
-2.740000	1.225016
-2.730000	1.200910
-2.720000	1.177325
-2.710000	1.154251
-2.700000	1.131675
-2.690000	1.109588
-2.680000	1.087980
-2.670000	1.066839
-2.660000	1.046157
-2.650000	1.025922
-2.640000	1.006126
-2.630000	0.986759
-2.620000	0.967812
-2.610000	0.949274
-2.600000	0.931139
-2.590000	0.913396
-2.580000	0.896037
-2.570000	0.879054
-2.560000	0.862438
-2.550000	0.846181
-2.540000	0.830276
-2.530000	0.814714
-2.520000	0.799488
-2.510000	0.784590
-2.500000	0.770014
-2.490000	0.755752
-2.480000	0.741796
-2.470000	0.728141
-2.460000	0.714779
-2.450000	0.701704
-2.440000	0.688910
-2.430000	0.676390
-2.420000	0.664137
-2.410000	0.652147
-2.400000	0.640413
-2.390000	0.628930
-2.380000	0.617691
-2.370000	0.606692
-2.360000	0.595926
-2.350000	0.585390
-2.340000	0.575076
-2.330000	0.564982
-2.320000	0.555101
-2.310000	0.545429
-2.300000	0.535961
-2.290000	0.526693
-2.280000	0.517619
-2.270000	0.508737
-2.260000	0.500041
-2.250000	0.491527
-2.240000	0.483192
-2.230000	0.475031
-2.220000	0.467040
-2.210000	0.459216
-2.200000	0.451554
-2.190000	0.444052
-2.180000	0.436705
-2.170000	0.429511
-2.160000	0.422465
-2.150000	0.415565
-2.140000	0.408807
-2.130000	0.402188
-2.120000	0.395705
-2.110000	0.389356
-2.100000	0.383136
-2.090000	0.377043
-2.080000	0.371075
-2.070000	0.365228
-2.060000	0.359500
-2.050000	0.353889
-2.040000	0.348391
-2.030000	0.343005
-2.020000	0.337728
-2.010000	0.332557
-2.000000	0.327490
-1.990000	0.322525
-1.980000	0.317659
-1.970000	0.312891
-1.960000	0.308219
-1.950000	0.303639
-1.940000	0.299151
-1.930000	0.294752
-1.920000	0.290441
-1.910000	0.286215
-1.900000	0.282073
-1.890000	0.278012
-1.880000	0.274032
-1.870000	0.270130
-1.860000	0.266304
-1.850000	0.262554
-1.840000	0.258877
-1.830000	0.255272
-1.820000	0.251738
-1.810000	0.248272
-1.800000	0.244874
-1.790000	0.241542
-1.780000	0.238274
-1.770000	0.235070
-1.760000	0.231927
-1.750000	0.228846
-1.740000	0.225823
-1.730000	0.222859
-1.720000	0.219952
-1.710000	0.217100
-1.700000	0.214303
-1.690000	0.211560
-1.680000	0.208869
-1.670000	0.206229
-1.660000	0.203639
-1.650000	0.201099
-1.640000	0.198607
-1.630000	0.196162
-1.620000	0.193763
-1.610000	0.191410
-1.600000	0.189101
-1.590000	0.186836
-1.580000	0.184613
-1.570000	0.182432
-1.560000	0.180292
-1.550000	0.178193
-1.540000	0.176132
-1.530000	0.174111
-1.520000	0.172127
-1.510000	0.170180
-1.500000	0.168269
-1.490000	0.166394
-1.480000	0.164554
-1.470000	0.162749
-1.460000	0.160977
-1.450000	0.159237
-1.440000	0.157531
-1.430000	0.155855
-1.420000	0.154211
-1.410000	0.152598
-1.400000	0.151014
-1.390000	0.149460
-1.380000	0.147934
-1.370000	0.146437
-1.360000	0.144968
-1.350000	0.143525
-1.340000	0.142110
-1.330000	0.140720
-1.320000	0.139357
-1.310000	0.138018
-1.300000	0.136705
-1.290000	0.135416
-1.280000	0.134150
-1.270000	0.132908
-1.260000	0.131690
-1.250000	0.130493
-1.240000	0.129320
-1.230000	0.128167
-1.220000	0.127037
-1.210000	0.125927
-1.200000	0.124839
-1.190000	0.123770
-1.180000	0.122722
-1.170000	0.121693
-1.160000	0.120683
-1.150000	0.119693
-1.140000	0.118721
-1.130000	0.117768
-1.120000	0.116832
-1.110000	0.115915
-1.100000	0.115014
-1.090000	0.114131
-1.080000	0.113265
-1.070000	0.112416
-1.060000	0.111583
-1.050000	0.110765
-1.040000	0.109964
-1.030000	0.109179
-1.020000	0.108408
-1.010000	0.107653
-1.000000	0.106913
-0.990000	0.106187
-0.980000	0.105476
-0.970000	0.104779
-0.960000	0.104096
-0.950000	0.103426
-0.940000	0.102771
-0.930000	0.102128
-0.920000	0.101499
-0.910000	0.100883
-0.900000	0.100280
-0.890000	0.099689
-0.880000	0.099111
-0.870000	0.098545
-0.860000	0.097991
-0.850000	0.097450
-0.840000	0.096920
-0.830000	0.096401
-0.820000	0.095895
-0.810000	0.095399
-0.800000	0.094915
-0.790000	0.094442
-0.780000	0.093979
-0.770000	0.093528
-0.760000	0.093087
-0.750000	0.092657
-0.740000	0.092237
-0.730000	0.091828
-0.720000	0.091428
-0.710000	0.091039
-0.700000	0.090660
-0.690000	0.090290
-0.680000	0.089931
-0.670000	0.089581
-0.660000	0.089241
-0.650000	0.088910
-0.640000	0.088588
-0.630000	0.088276
-0.620000	0.087973
-0.610000	0.087679
-0.600000	0.087394
-0.590000	0.087118
-0.580000	0.086851
-0.570000	0.086593
-0.560000	0.086343
-0.550000	0.086102
-0.540000	0.085870
-0.530000	0.085647
-0.520000	0.085431
-0.510000	0.085225
-0.500000	0.085026
-0.490000	0.084836
-0.480000	0.084654
-0.470000	0.084481
-0.460000	0.084316
-0.450000	0.084158
-0.440000	0.084009
-0.430000	0.083868
-0.420000	0.083735
-0.410000	0.083610
-0.400000	0.083493
-0.390000	0.083384
-0.380000	0.083283
-0.370000	0.083189
-0.360000	0.083104
-0.350000	0.083026
-0.340000	0.082956
-0.330000	0.082894
-0.320000	0.082840
-0.310000	0.082793
-0.300000	0.082754
-0.290000	0.082723
-0.280000	0.082700
-0.270000	0.082684
-0.260000	0.082677
-0.250000	0.082677
-0.240000	0.082684
-0.230000	0.082700
-0.220000	0.082723
-0.210000	0.082754
-0.200000	0.082792
-0.190000	0.082839
-0.180000	0.082893
-0.170000	0.082955
-0.160000	0.083025
-0.150000	0.083103
-0.140000	0.083189
-0.130000	0.083282
-0.120000	0.083384
-0.110000	0.083493
-0.100000	0.083611
-0.090000	0.083736
-0.080000	0.083870
-0.070000	0.084012
-0.060000	0.084162
-0.050000	0.084320
-0.040000	0.084486
-0.030000	0.084661
-0.020000	0.084844
-0.010000	0.085036
0.000000	0.085236
0.010000	0.085444
0.020000	0.085661
0.030000	0.085887
0.040000	0.086122
0.050000	0.086365
0.060000	0.086617
0.070000	0.086878
0.080000	0.087148
0.090000	0.087428
0.100000	0.087716
0.110000	0.088014
0.120000	0.088321
0.130000	0.088638
0.140000	0.088964
0.150000	0.089300
0.160000	0.089645
0.170000	0.090000
0.180000	0.090366
0.190000	0.090741
0.200000	0.091127
0.210000	0.091523
0.220000	0.091929
0.230000	0.092347
0.240000	0.092774
0.250000	0.093213
0.260000	0.093662
0.270000	0.094123
0.280000	0.094595
0.290000	0.095078
0.300000	0.095573
0.310000	0.096079
0.320000	0.096598
0.330000	0.097128
0.340000	0.097671
0.350000	0.098226
0.360000	0.098794
0.370000	0.099374
0.380000	0.099967
0.390000	0.100574
0.400000	0.101193
0.410000	0.101826
0.420000	0.102473
0.430000	0.103134
0.440000	0.103809
0.450000	0.104499
0.460000	0.105203
0.470000	0.105922
0.480000	0.106656
0.490000	0.107405
0.500000	0.108170
0.510000	0.108951
0.520000	0.109747
0.530000	0.110561
0.540000	0.111390
0.550000	0.112237
0.560000	0.113101
0.570000	0.113983
0.580000	0.114883
0.590000	0.115800
0.600000	0.116736
0.610000	0.117691
0.620000	0.118665
0.630000	0.119659
0.640000	0.120673
0.650000	0.121706
0.660000	0.122761
0.670000	0.123836
0.680000	0.124933
0.690000	0.126051
0.700000	0.127192
0.710000	0.128355
0.720000	0.129541
0.730000	0.130751
0.740000	0.131985
0.750000	0.133243
0.760000	0.134526
0.770000	0.135834
0.780000	0.137169
0.790000	0.138529
0.800000	0.139917
0.810000	0.141332
0.820000	0.142775
0.830000	0.144247
0.840000	0.145748
0.850000	0.147278
0.860000	0.148839
0.870000	0.150431
0.880000	0.152054
0.890000	0.153710
0.900000	0.155399
0.910000	0.157121
0.920000	0.158878
0.930000	0.160670
0.940000	0.162497
0.950000	0.164362
0.960000	0.166263
0.970000	0.168203
0.980000	0.170182
0.990000	0.172200
1.000000	0.174259
1.010000	0.176360
1.020000	0.178504
1.030000	0.180690
1.040000	0.182921
1.050000	0.185198
1.060000	0.187521
1.070000	0.189891
1.080000	0.192310
1.090000	0.194778
1.100000	0.197297
1.110000	0.199868
1.120000	0.202492
1.130000	0.205170
1.140000	0.207903
1.150000	0.210693
1.160000	0.213541
1.170000	0.216449
1.180000	0.219417
1.190000	0.222447
1.200000	0.225541
1.210000	0.228700
1.220000	0.231925
1.230000	0.235219
1.240000	0.238583
1.250000	0.242018
1.260000	0.245526
1.270000	0.249108
1.280000	0.252768
1.290000	0.256506
1.300000	0.260325
1.310000	0.264225
1.320000	0.268210
1.330000	0.272282
1.340000	0.276442
1.350000	0.280692
1.360000	0.285036
1.370000	0.289474
1.380000	0.294010
1.390000	0.298646
1.400000	0.303385
1.410000	0.308228
1.420000	0.313179
1.430000	0.318240
1.440000	0.323414
1.450000	0.328704
1.460000	0.334113
1.470000	0.339643
1.480000	0.345299
1.490000	0.351082
1.500000	0.356997
1.510000	0.363047
1.520000	0.369234
1.530000	0.375564
1.540000	0.382039
1.550000	0.388663
1.560000	0.395440
1.570000	0.402374
1.580000	0.409470
1.590000	0.416731
1.600000	0.424161
1.610000	0.431766
1.620000	0.439550
1.630000	0.447517
1.640000	0.455673
1.650000	0.464022
1.660000	0.472570
1.670000	0.481322
1.680000	0.490283
1.690000	0.499460
1.700000	0.508858
1.710000	0.518482
1.720000	0.528340
1.730000	0.538437
1.740000	0.548780
1.750000	0.559377
1.760000	0.570232
1.770000	0.581355
1.780000	0.592752
1.790000	0.604431
1.800000	0.616400
1.810000	0.628667
1.820000	0.641240
1.830000	0.654127
1.840000	0.667339
1.850000	0.680883
1.860000	0.694769
1.870000	0.709007
1.880000	0.723607
1.890000	0.738579
1.900000	0.753934
1.910000	0.769682
1.920000	0.785836
1.930000	0.802406
1.940000	0.819405
1.950000	0.836846
1.960000	0.854740
1.970000	0.873101
1.980000	0.891944
1.990000	0.911281
2.000000	0.931128
2.010000	0.951499
2.020000	0.972410
2.030000	0.993877
2.040000	1.015916
2.050000	1.038545
2.060000	1.061781
2.070000	1.085641
2.080000	1.110146
2.090000	1.135313
2.100000	1.161164
2.110000	1.187719
2.120000	1.214998
2.130000	1.243025
2.140000	1.271821
2.150000	1.301410
2.160000	1.331818
2.170000	1.363067
2.180000	1.395186
2.190000	1.428199
2.200000	1.462136
2.210000	1.497024
2.220000	1.532893
2.230000	1.569773
2.240000	1.607698
2.250000	1.646697
2.260000	1.686807
2.270000	1.728061
2.280000	1.770496
2.290000	1.814149
2.300000	1.859058
2.310000	1.905264
2.320000	1.952808
2.330000	2.001733
2.340000	2.052082
2.350000	2.103902
2.360000	2.157239
2.370000	2.212144
2.380000	2.268666
2.390000	2.326857
2.400000	2.386773
2.410000	2.448470
2.420000	2.512005
2.430000	2.577439
2.440000	2.644833
2.450000	2.714254
2.460000	2.785767
2.470000	2.859441
2.480000	2.935349
2.490000	3.013564
2.500000	3.094164
2.510000	3.177228
2.520000	3.262838
2.530000	3.351081
2.540000	3.442044
2.550000	3.535819
2.560000	3.632502
2.570000	3.732190
2.580000	3.834987
2.590000	3.940998
2.600000	4.050332
2.610000	4.163103
2.620000	4.279430
2.630000	4.399434
2.640000	4.523243
2.650000	4.650987
2.660000	4.782804
2.670000	4.918833
2.680000	5.059223
2.690000	5.204125
2.700000	5.353697
2.710000	5.508103
2.720000	5.667512
2.730000	5.832101
2.740000	6.002052
2.750000	6.177556
2.760000	6.358808
2.770000	6.546015
2.780000	6.739387
2.790000	6.939146
2.800000	7.145519
2.810000	7.358744
2.820000	7.579069
2.830000	7.806747
2.840000	8.042047
2.850000	8.285243
2.860000	8.536622
2.870000	8.796483
2.880000	9.065134
2.890000	9.342897
2.900000	9.630107
2.910000	9.927109
2.920000	10.234266
2.930000	10.551951
2.940000	10.880554
2.950000	11.220480
2.960000	11.572149
2.970000	11.936000
2.980000	12.312487
2.990000	12.702082
3.000000	13.105278
3.010000	13.522586
3.020000	13.954538
3.030000	14.401686
3.040000	14.864606
3.050000	15.343896
3.060000	15.840178
3.070000	16.354101
3.080000	16.886337
3.090000	17.437589
3.100000	18.008585
3.110000	18.600085
3.120000	19.212880
3.130000	19.847791
3.140000	20.505675
3.150000	21.187424
3.160000	21.893965
3.170000	22.626265
3.180000	23.385330
3.190000	24.172208
3.200000	24.987991
3.210000	25.833814
3.220000	26.710862
3.230000	27.620368
3.240000	28.563618
3.250000	29.541949
3.260000	30.556757
3.270000	31.609496
3.280000	32.701679
3.290000	33.834887
3.300000	35.010764
3.310000	36.231025
3.320000	37.497460
3.330000	38.811932
3.340000	40.176385
3.350000	41.592846
3.360000	43.063429
3.370000	44.590337
3.380000	46.175870
3.390000	47.822426
3.400000	49.532507
3.410000	51.308721
3.420000	53.153793
3.430000	55.070562
3.440000	57.061994
3.450000	59.131182
3.460000	61.281355
3.470000	63.515883
3.480000	65.838284
3.490000	68.252230
3.500000	70.761555
3.510000	73.370263
3.520000	76.082533
3.530000	78.902730
3.540000	81.835413
3.550000	84.885343
3.560000	88.057492
3.570000	91.357056
3.580000	94.789463
3.590000	98.360381
3.600000	102.075737
3.610000	105.941720
3.620000	109.964801
3.630000	114.151742
3.640000	118.509610
3.650000	123.045794
3.660000	127.768015
3.670000	132.684350
3.680000	137.803239
3.690000	143.133511
3.700000	148.684398
3.710000	154.465553
3.720000	160.487074
3.730000	166.759525
3.740000	173.293953
3.750000	180.101918
3.760000	187.195514
3.770000	194.587396
3.780000	202.290806
3.790000	210.319601
3.800000	218.688287
3.810000	227.412044
3.820000	236.506765
3.830000	245.989086
3.840000	255.876426
3.850000	266.187021
3.860000	276.939969
3.870000	288.155269
3.880000	299.853867
3.890000	312.057700
3.900000	324.789749
3.910000	338.074087
3.920000	351.935935
3.930000	366.401717
3.940000	381.499125
3.950000	397.257173
3.960000	413.706272
3.970000	430.878296
3.980000	448.806653
3.990000	467.526365
4.000000	0.000000
